1.000000 1.934040 784.607553
0.680627 1.584604 2118.975945
0.570138 0.360181 392.599469
0.471150 13.601827 1878.512815
0.454020 2.296002 3206.020024
0.382266 3.054356 3203.460199
0.341946 0.097524 196.517832
0.338476 2.214179 2116.371116
0.327641 1.501620 1624.853257
0.318196 1.207681 1176.204975
0.284896 2.965129 781.968151
0.256621 0.329734 468.590739
0.253405 2.327824 2650.112623
0.240469 3.032498 2652.851500
0.233236 2.777635 3208.612594
0.218625 1.995606 1037.779032
0.197623 7.208959 1875.827809
0.192703 3.056656 2647.766272
0.187066 2.238320 2121.613862
0.185314 1.496671 1296.072042
0.184752 0.403497 468.315385
0.171340 10.457244 1505.440343
0.152616 2.869746 3776.995480
0.145764 6.248647 5445.062034
0.125665 1.559458 1064.030515
0.118535 1.166625 1624.243144
0.115401 5.178633 1866.230579
0.111609 2.818315 787.108037
0.108815 1.909718 3779.621628
0.103779 1.810567 1738.678946
0.101183 3.078509 3782.185895
0.094168 2.829589 2277.129567
0.092638 0.258063 392.916780
0.088874 1.690239 1627.455475
0.088873 2.507917 1689.784273
0.086062 6.927576 6516.495275
0.085357 2.785418 4949.644065
0.083101 1.407577 1296.646346
0.079333 0.886355 588.945860
0.075578 1.836446 1173.521330
0.075304 1.273040 2650.694828
0.074644 7.451770 3547.401194
0.070943 1.793450 1622.158990
0.069634 3.250910 4500.003547
0.069424 2.911613 1298.578993
0.066182 2.274320 4362.297828
0.065720 4.039842 4582.103273
0.064108 1.441070 3205.435863
0.064073 2.836027 1736.088935
0.063458 4.077932 4946.962239
