0.800000 1.000000 580.023194
0.800000 1.000000 639.422895
0.800000 1.000000 718.889126
0.800000 1.000000 735.949889
0.800000 1.000000 640.809656
0.800000 1.000000 758.802148
0.800000 1.000000 860.634480
0.800000 1.000000 1087.646412
0.800000 1.000000 699.135105
0.800000 1.000000 942.107913
0.800000 1.000000 1012.152470
0.800000 1.000000 1335.816828
0.800000 1.000000 732.788171
0.800000 1.000000 931.372112
0.800000 1.000000 1280.422071
0.800000 1.000000 1485.483260
0.800000 1.000000 807.298807
0.800000 1.000000 1190.435804
0.800000 1.000000 1307.439192
0.800000 1.000000 1709.204687
0.800000 1.000000 906.818751
0.800000 1.000000 1363.583788
0.800000 1.000000 1667.916196
0.800000 1.000000 2109.494003
0.800000 1.000000 958.859218
0.800000 1.000000 1241.305277
0.800000 1.000000 1950.190130
0.800000 1.000000 1968.282418
