0.005 12 716
0.005 12 718
0.005 12 727
0.005 12 734
0.005 12 735
0.005 12 738
0.005 12 746
0.005 12 752
0.005 12 754
0.005 12 758

0.01 10 665
0.01 10 674
0.01 10 675
0.01 10 681
0.01 10 683
0.01 10 686
0.01 10 694
0.01 10 701
0.01 10 704
0.01 10 710

0.02 8 615
0.02 8 624
0.02 8 625
0.02 8 631
0.02 8 633
0.02 8 636
0.02 8 644
0.02 8 651
0.02 8 654
0.02 8 660

0.01 10 564
0.01 10 567
0.01 10 569
0.01 10 570
0.01 10 577
0.01 10 580
0.01 10 588
0.01 10 590
0.01 10 595
0.01 10 601

0.005 12 514
0.005 12 517
0.005 12 519
0.005 12 520
0.005 12 527
0.005 12 530
0.005 12 538
0.005 12 540
0.005 12 545
0.25 12 551