1.0 1.0 55.000  
1.0 1.0 110.000  
1.0 1.0 220.000  
1.0 1.0 440.000  
1.0 1.0 880.000  
1.0 1.0 1760.000  
1.0 1.0 58.270  
1.0 1.0 116.541  
1.0 1.0 233.082  
1.0 1.0 466.164  
1.0 1.0 932.328  
1.0 1.0 1864.655  
1.0 1.0 61.735  
1.0 1.0 123.471  
1.0 1.0 246.942  
1.0 1.0 493.883  
1.0 1.0 987.767  
1.0 1.0 1975.533  
1.0 1.0 65.406  
1.0 1.0 130.813  
1.0 1.0 261.626  
1.0 1.0 523.251  
1.0 1.0 1046.502  
1.0 1.0 2093.005  
1.0 1.0 69.296  
1.0 1.0 138.591  
1.0 1.0 277.183  
1.0 1.0 554.365  
1.0 1.0 1108.731  
1.0 1.0 2217.461  
1.0 1.0 73.416  
1.0 1.0 146.832  
1.0 1.0 293.665  
1.0 1.0 587.330  
1.0 1.0 1174.659  
1.0 1.0 2349.318  
1.0 1.0 77.782  
1.0 1.0 155.563  
1.0 1.0 311.127  
1.0 1.0 622.254  
1.0 1.0 1244.508  
1.0 1.0 2489.016  
1.0 1.0 82.407  
1.0 1.0 164.814  
1.0 1.0 329.628  
1.0 1.0 659.255  
1.0 1.0 1318.510  
1.0 1.0 2637.020  
1.0 1.0 87.307  
1.0 1.0 174.614  
1.0 1.0 349.228  
1.0 1.0 698.456  
1.0 1.0 1396.913  
1.0 1.0 2793.826  
1.0 1.0 92.499  
1.0 1.0 184.997  
1.0 1.0 369.994  
1.0 1.0 739.989  
1.0 1.0 1479.978  
1.0 1.0 2959.955  
1.0 1.0 97.999  
1.0 1.0 195.998  
1.0 1.0 391.995  
1.0 1.0 783.991  
1.0 1.0 1567.982  
1.0 1.0 3135.963  
1.0 1.0 103.826  
1.0 1.0 207.652  
1.0 1.0 415.305  
1.0 1.0 830.609  
1.0 1.0 1661.219  
1.0 1.0 3322.438  
1.0 1.0 110.000  
1.0 1.0 220.000  
1.0 1.0 440.000  
1.0 1.0 880.000  
1.0 1.0 1760.000  
1.0 1.0 3520.000 
)
